678
1 610 10
2 1 8
3 610 1
4 610 6
5 4 10
6 1 15
7 5 2
8 4 15
9 6 3
10 610 7
11 4 11
12 610 3
13 3 2
14 8 14
15 4 1
16 610 6
17 14 15
18 3 13
19 8 15
20 7 4
21 8 5
22 5 7
23 10 13
24 19 7
25 6 4
26 5 5
27 17 12
28 18 9
29 4 13
30 24 7
31 12 1
32 19 14
33 13 3
34 24 6
35 4 2
36 12 2
37 13 9
38 13 8
39 17 8
40 4 5
41 29 10
42 41 7
43 1 5
44 4 2
45 30 10
46 4 8
47 37 6
48 19 8
49 4 2
50 19 10
51 3 12
52 3 4
53 33 3
54 6 5
55 18 12
56 18 7
57 35 7
58 43 8
59 20 6
60 37 1
61 53 15
62 60 1
63 32 6
64 28 7
65 59 5
66 26 1
67 35 13
68 15 4
69 33 14
70 20 9
71 24 11
72 15 2
73 36 5
74 23 8
75 2 10
76 47 10
77 18 11
78 43 13
79 58 13
80 39 15
81 69 13
82 36 10
83 60 5
84 26 14
85 4 10
86 43 5
87 31 7
88 79 1
89 31 7
90 70 10
91 82 1
92 32 11
93 50 5
94 7 15
95 92 2
96 61 2
97 71 10
98 11 7
99 41 11
100 76 9
101 45 7
102 101 14
103 22 7
104 96 12
105 91 14
106 72 7
107 24 12
108 1 5
109 107 6
110 63 9
111 97 6
112 80 2
113 50 2
114 112 3
115 46 5
116 20 13
117 80 5
118 112 8
119 68 9
120 103 3
121 107 2
122 40 14
123 101 12
124 34 2
125 105 13
126 103 12
127 43 10
128 53 11
129 60 7
130 40 10
131 121 13
132 35 5
133 7 10
134 51 1
135 58 7
136 81 7
137 47 15
138 127 15
139 125 5
140 28 15
141 22 9
142 41 9
143 102 6
144 19 2
145 89 11
146 55 3
147 66 4
148 36 8
149 2 3
150 27 6
151 36 3
152 37 15
153 14 9
154 80 8
155 126 3
156 46 7
157 80 12
158 54 11
159 17 6
160 38 10
161 5 2
162 46 6
163 141 10
164 121 10
165 64 12
166 101 14
167 104 12
168 54 15
169 137 9
170 12 1
171 85 15
172 104 5
173 610 7
174 85 3
175 16 9
176 7 9
177 36 2
178 28 2
179 42 5
180 133 8
181 122 14
182 42 14
183 27 1
184 49 8
185 94 8
186 134 6
187 51 15
188 31 7
189 168 5
190 122 15
191 73 11
192 28 8
193 114 8
194 86 8
195 140 13
196 94 2
197 79 9
198 53 15
199 86 3
200 31 9
201 67 6
202 7 9
203 31 11
204 67 1
205 18 15
206 85 12
207 118 2
208 81 10
209 7 4
210 186 6
211 74 4
212 107 13
213 106 5
214 138 7
215 203 15
216 58 10
217 158 10
218 21 1
219 17 1
220 15 4
221 97 3
222 197 13
223 64 12
224 192 6
225 142 3
226 116 3
227 66 15
228 19 1
229 61 12
230 7 12
231 111 11
232 24 10
233 106 14
234 54 12
235 148 15
236 81 2
237 132 2
238 176 15
239 39 11
240 18 1
241 92 7
242 228 13
243 191 11
244 204 5
245 186 8
246 130 8
247 78 7
248 132 11
249 80 15
250 83 11
251 189 1
252 2 8
253 77 5
254 159 1
255 224 1
256 145 13
257 29 4
258 129 6
259 254 15
260 6 12
261 33 3
262 225 11
263 56 11
264 111 10
265 111 5
266 30 5
267 149 8
268 144 7
269 182 13
270 7 13
271 89 7
272 143 5
273 67 2
274 107 4
275 214 6
276 190 9
277 60 4
278 35 6
279 68 3
280 163 15
281 162 1
282 42 3
283 55 6
284 279 8
285 66 9
286 189 8
287 255 5
288 141 13
289 261 7
290 176 2
291 74 1
292 228 9
293 103 2
294 257 6
295 213 8
296 160 4
297 247 9
298 141 11
299 290 14
300 270 6
301 192 4
302 296 1
303 91 13
304 280 12
305 68 3
306 255 1
307 256 4
308 194 6
309 141 7
310 31 8
311 260 13
312 57 5
313 92 14
314 83 7
315 299 15
316 171 3
317 112 13
318 88 12
319 222 10
320 9 12
321 68 14
322 53 1
323 176 13
324 2 2
325 230 9
326 221 11
327 166 5
328 97 3
329 328 4
330 298 8
331 259 2
332 43 8
333 174 13
334 30 10
335 195 4
336 254 10
337 218 8
338 274 4
339 258 3
340 73 10
341 299 8
342 48 14
343 271 8
344 186 5
345 251 9
346 244 8
347 274 3
348 167 4
349 28 10
350 51 1
351 255 2
352 165 4
353 121 12
354 327 5
355 47 4
356 94 9
357 201 10
358 353 10
359 331 5
360 310 7
361 26 11
362 361 2
363 55 12
364 132 7
365 318 4
366 90 3
367 287 2
368 55 7
369 298 7
370 73 7
371 283 14
372 257 2
373 288 4
374 235 14
375 235 2
376 57 3
377 106 14
378 216 10
379 321 11
380 339 4
381 311 2
382 34 3
383 9 8
384 101 15
385 148 10
386 59 12
387 291 7
388 167 11
389 92 6
390 4 7
391 210 9
392 138 15
393 72 10
394 246 9
395 347 11
396 1 3
397 85 3
398 187 8
399 270 2
400 379 1
401 388 8
402 383 6
403 135 3
404 213 6
405 247 4
406 213 2
407 190 14
408 334 11
409 315 9
410 155 10
411 13 4
412 203 13
413 193 10
414 373 8
415 256 13
416 35 15
417 211 10
418 404 3
419 53 5
420 85 3
421 6 4
422 271 8
423 61 2
424 92 7
425 163 14
426 202 13
427 416 3
428 258 12
429 161 4
430 325 7
431 381 11
432 276 2
433 207 15
434 104 5
435 116 11
436 134 5
437 67 6
438 223 6
439 249 13
440 5 7
441 161 10
442 166 4
443 362 8
444 425 12
445 133 6
446 418 5
447 378 12
448 348 10
449 268 12
450 412 4
451 288 13
452 329 11
453 134 2
454 401 6
455 90 9
456 299 15
457 267 15
458 34 7
459 47 2
460 239 13
461 245 4
462 164 12
463 321 11
464 172 9
465 323 10
466 362 1
467 85 3
468 303 3
469 384 12
470 426 14
471 158 1
472 295 11
473 429 5
474 290 11
475 412 8
476 128 10
477 62 5
478 31 3
479 409 2
480 299 12
481 200 5
482 474 4
483 395 7
484 221 12
485 129 1
486 363 4
487 410 15
488 4 9
489 291 8
490 388 3
491 14 8
492 327 15
493 610 8
494 417 15
495 62 10
496 7 14
497 127 11
498 308 2
499 462 11
500 398 7
501 325 2
502 336 13
503 37 14
504 284 10
505 142 13
506 477 1
507 29 13
508 295 9
509 340 8
510 359 7
511 131 12
512 20 6
513 406 1
514 143 11
515 464 7
516 465 13
517 37 9
518 450 9
519 256 4
520 220 10
521 106 9
522 323 14
523 7 5
524 262 10
525 291 12
526 397 9
527 114 15
528 60 13
529 341 12
530 19 14
531 15 14
532 387 10
533 107 4
534 113 3
535 252 13
536 434 8
537 509 5
538 416 5
539 330 2
540 114 10
541 522 5
542 201 1
543 95 4
544 25 15
545 142 5
546 184 11
547 541 15
548 225 1
549 332 7
550 185 9
551 228 9
552 465 12
553 83 9
554 277 4
555 15 3
556 425 15
557 276 7
558 91 2
559 172 15
560 411 4
561 455 12
562 325 2
563 542 6
564 496 11
565 89 3
566 126 2
567 236 1
568 255 9
569 461 13
570 136 14
571 610 5
572 356 7
573 11 9
574 495 13
575 140 7
576 450 7
577 67 8
578 43 8
579 379 6
580 340 10
581 165 11
582 456 15
583 320 14
584 561 4
585 356 2
586 43 14
587 184 14
588 19 13
589 374 4
590 291 4
591 242 10
592 6 12
593 562 11
594 91 3
595 461 1
596 199 11
597 544 15
598 192 12
599 24 4
600 219 7
601 468 4
602 220 7
603 505 2
604 296 7
605 167 1
606 69 5
607 249 11
608 534 5
609 440 1
611 371 8
612 179 5
613 79 14
614 159 4
615 388 10
616 424 8
617 116 6
618 268 13
619 251 7
620 243 2
621 193 1
622 75 2
623 101 14
624 305 4
625 231 11
626 141 15
627 505 4
628 411 2
629 133 1
630 100 3
631 91 1
632 165 7
633 106 6
634 79 2
635 103 1
636 311 9
637 631 1
638 544 3
639 70 11
640 610 7
641 572 13
642 528 14
643 496 4
644 471 10
645 85 4
646 275 8
647 490 2
648 406 6
649 11 2
650 283 9
651 295 5
652 553 7
653 433 3
654 537 8
655 133 14
656 525 5
657 481 3
658 555 1
659 64 2
660 452 12
661 102 7
662 324 14
663 532 11
664 213 13
665 288 3
666 413 12
667 226 7
668 395 3
669 625 6
670 291 5
671 338 8
672 532 13
673 88 4
674 601 11
675 590 4
676 110 14
677 598 5
678 272 2
