43051,91191,141273,192584,244959,297950,351568,405683,460399,515459,570039,624924,680212,735627,791436,847392,903682,960162,1016812,1073660,
1129946,1186366,1242919,1299671,1356540,1413649,1470817,1528141,1585697,1643276,1700407,1757791,1815107,1872700,1930316,1988063,2045866,2103704,2161860,2219911,
2278037,2336053,2394306,2452669,2511049,2569545,2628210,2686809,2745542,2804381,2863018,2921574,2980284,3039104,3097931,3156889,3215848,3274992,3333925,3393158,
3452010,3510696,3569535,3628526,3687403,3746427,3805420,3864582,3923662,3982948,4041982,4101124,4160139,4219262,4278601,4337806,4397178,4456639,4516091,4575648,
4635229,4694656,4754291,4814019,4873862,4933553,4993421,5053398,5113444,5173303,5233296,5293263,5353239,5413442,5473448,5533600,5593702,5653922,5714148,5774490,
5834611,5894734,5954708,6014866,6074960,6135123,6195364,6255673,6316087,6376262,6436519,6496802,6556881,6617244,6677662,6738054,6798455,6858834,6919365,6979844,
7040403,7100852,7161369,7221938,7282386,7342917,7403576,7464281,7524836,7585721,7646252,7706985,7767493,7828254,7889001,7949653,8010542,8071286,8132079,8193134,
8253831,8314682,8375223,8436088,8496845,8557573,8618304,8679134,8739981,8800905,8861656,8922426,8983115,9043798,9104744,9165637,9226552,9287512,9348332,9409424,
9470195,9531391,9592139,9653105,9714269,9775473,9836594,9897638,9958932,10020075,10081119,10142256,10203471,10264566,10325824,10387081,10448152,10509584,10570878,10632165,
10693451,10754709,10815808,10877226,10938741,11000036,11061435,11122843,11184058,11245511,11307033,11368478,11429733,11491199,11552589,11614083,11675681,11737196,11798599,11860178,
11921686,11983239,12044899,12106510,12168013,12229614,12291029,12352660,12414205,12475924,12537445,12598952,12660430,12722071,12783666,12845369,12907050,12968654,13030355,13092000,
13153480,13215051,13276663,13338357,13399861,13461385,13523190,13584760,13646347,13708035,13769752,13831433,13893099,13954995,14016718,14078383,14140349,14202065,14263931,14325596,
14387550,14449421,14511423,14573056,14635063,14696900,14758820,14820890,14882724,14944739,15006832,15068596,15130654,15192566,15254725,15316593,15378792,15440695,15503056,15565167,
15626899,15688988,15750949,15813153,15875222,15937112,15999318,16061428,16123549,16185670,16247696,16309741,16372146,16434277,16496575,16558762,16620894,16683297,16745618,16807883,
16870008,16932329,16994744,17056994,17119139,17181445,17243945,17306257,17368583,17430847,17493129,17555572,17617801,17680051,17742547,17804954,17867263,17929726,17992203,18054426,
18116820,18179122,18241352,18303636,18365869,18428235,18490463,18552913,18615248,18677598,18739955,18802284,18864594,18927067,18989456,19051842,19114188,19176488,19238842,19301399,
19363728,19426037,19488747,19551185,19613470,19676122,19738755,19801166,19863731,19926300,19988818,20051268,20113731,20176147,20238613,20301123,20363796,20426335,20488749,20551393,
20613925,20676396,20738935,20801364,20863911,20926328,20988988,21051391,21114040,21176838,21239178,21301731,21364022,21426578,21489236,21551700,21614354,21676892,21739651,21802159,
21864834,21927420,21990032,22052616,22115214,22177715,22240539,22303130,22365882,22428787,22491285,22554092,22616818,22679445,22742025,22804899,22867547,22930179,22993013,23055761,
23118513,23181242,23243897,23306540,23369455,23432236,23494836,23557713,23620488,23683154,23745949,23808601,23871188,23934045,23996801,24059583,24122030,24185046,24247772,24310619,
24373413,24436136,24499038,24561865,24624872,24687566,24750337,24813276,24876143,24939064,25001853,25064770,25127471,25190343,25253256,25316013,25378995,25442044,25504843,25567891,
25630816,25693570,25756362,25819021,25882010,25944850,26007612,26070541,26133434,26196354,26259236,26322133,26385014,26447859,26510642,26573598,26636381,26699459,26762521,26825370,
26888139,26951215,27014038,27076962,27140082,27203013,27265822,27329069,27391968,27454806,27517712,27580721,27643791,27706758,27769691,27832781,27895774,27958783,28021675,28084652,
28147587,28210568,28273632,28336756,28399530,28462665,28525700,28588913,28651968,28715224,28778444,28841052,28904361,28967404,29030550,29093537,29156609,29219611,29282623,29345995,
29409001,29472056,29535214,29598252,29661592,29724935,29787998,29850934,29914181,29977601,30040698,30103672,30167068,30230155,30293571,30356739,30420001,30483182,30546513,30609751,
30673009,30736297,30799548,30862727,30926003,30989487,31052684,31115863,31179178,31242550,31305757,31369003,31432266,31495501,31558684,31622030,31685320,31748850,31811958,31875447,
31938520,32001794,32065170,32128660,32191875,32255268,32318871,32382164,32445350,32508744,32572026,32635240,32698629,32762063,32825490,32888950,32952326,33016003,33079101,33142663,
33205978,33269413,33332864,33396379,33459871,33523248,33586658,33650161,33713458,33777184,33840566,33904187,33967544,34031006,34094691,34158137,34221601,34285088,34348457,34411977,
34475367,34538880,34602327,34665910,34729484,34793187,34856565,34920282,34983665,35047227,35110778,35174465,35237974,35301449,35365199,35428601,35492213,35555926,35619401,35682804,
35746416,35809915,35873631,35937315,36000875,36064284,36128136,36191444,36255058,36318706,36382551,36446036,36509578,36573086,36636742,36700529,36764000,36827852,36891305,36954904,
37018335,37082163,37145725,37209658,37273200,37336637,37400544,37464132,37527622,37591225,37655175,37718682,37782339,37846016,37909863,37973558,38036978,38100776,38164410,38228156,
38291775,38355516,38419189,38482680,38546204,38610119,38673749,38737453,38801171,38864810,38928442,38992312,39055967,39119818,39183563,39247244,39310838,39374379,39438181,39502041,
39565735,39629662,39693245,39757246,39820741,39884711,39948611,40012278,40076083,40139953,40203875,40267609,40331483,40395092,40459005,40522890,40586547,40650545,40714380,40778183,
40841929,40905648,40969504,41032888,41096698,41160400,41224004,41287853,41351854,41415605,41479300,41543197,41606826,41670713,41734421,41798274,41862115,41925661,41989719,42053519,
42117461,42181250,42245120,42308898,42372920,42436579,42500305,42564261,42627922,42691710,42755396,42819374,42883202,42947093,43010942,43074760,43138590,43202459,43266469,43330462,
43394237,43457906,43521391,43585408,43649374,43713084,43776822,43840694,43904445,43968472,44032267,44095820,44159914,44223547,44287269,44351136,44415100,44479066,44542870,44606583,
44670449,44734393,44798479,44862230,44926002,44989978,45053901,45117720,45181665,45245740,45309605,45373426,45437508,45501300,45565149,45629196,45693264,45757061,45820930,45885028,
45948710,46012774,46076930,46140780,46204587,46268719,46332530,46396481,46460473,46524281,46588409,46652365,46716326,46780250,46844069,46908007,46972084,47036073,47100159,47164154,
47228133,47292193,47356228,47420234,47484085,47547869,47611997,47675951,47740132,47804181,47868334,47932464,47996470,48060328,48124340,48188432,48252584,48316524,48380555,48444483,
48508592,48572521,48636394,48700532,48764423,48828471,48892550,48956494,49020419,49084451,49148272,49212398,49276294,49340279,49404528,49468389,49532400,49596371,49660523,49724567,
49788478,49852559,49916590,49980690,50044755,50108751,50172962,50237066,50300994,50365329,50428925,50493148,50557406,50621546,50685463,50749567,50813807,50878167,50942250,51006306,
51070462,51134614,51198397,51262558,51326908,51390893,51455035,51519208,51583433,51647597,51711468,51775676,51839823,51904130,51968474,52032550,52096867,52160736,52224922,52289070,
52353418,52417523,52481486,52545846,52609866,52674041,52738141,52802206,52866611,52930913,52995114,53059220,53123320,53187497,53251823,53315958,53380105,53444387,53508612,53572844,
53637139,53701255,53765546,53829502,53893873,53958004,54022216,54086234,54150418,54214578,54278859,54342918,54407104,54471286,54535610,54599696,54664042,54728307,54792573,54856823,
54920855,54984976,55049127,55113599,55177884,55242146,55306376,55370619,55434911,55499050,55563348,55627809,55691943,55756258,55820637,55884912,55949204,56013539,56077877,56141997,
56206127,56270175,56334383,56398949,56463099,56527466,56591653,56656037,56720446,56784557,56848895,56913283,56977370,57041645,57105818,57170447,57234680,57299030,57363285,57427676,
57491795,57556422,57620628,57684840,57749242,57813465,57877945,57942239,58006443,58070666,58135263,58199579,58263775,58327844,58392469,58456726,58520867,58585528,58650032,58714528,
58778812,58843167,58907339,58971599,59036047,59100224,59164533,59229032,59293408,59357783,59421942,59486361,59550778,59614976,59679214,59743455,59807932,59872330,59936787,60001333,
60065536,60129846,60194169,60258440,60322757,60387140,60451862,60515974,60580740,60645135,60709420,60773860,60838239,60902537,60966784,61031369,61095604,61160135,61224978,61289474,
61353860,61418338,61482827,61546964,61611646,61676074,61740193,61804778,61869275,61933785,61998048,62062506,62127036,62191554,62256001,62320324,62384787,62449315,62513919,62578317,
62642665,62707127,62771655,62836174,62900593,62965286,63029857,63094261,63158928,63223273,63287986,63352754,63417123,63481727,63546333,63610622,63675273,63739758,63804105,63868702,
63933108,63997651,64062156,64126803,64191330,64255655,64320100,64384561,64449128,64513476,64578063,64642615,64707129,64771796,64836163,64900862,64965324,65029712,65094384,65158851,
65223203,65287711,65352462,65416954,65481549,65546068,65610695,65675459,65740015,65804501,65869236,65933796,65998211,66062688,66127176,66191938,66256132,66320847,66385432,66450016,
66514456,66578899,66643273,66707988,66772314,66836994,66901343,66965893,67030773,67095260,67159984,67224446,67289110,67353525,67418094,67482974,67547351,67611795,67676552,67741240,
67805827,67870375,67934989,67999662,68064356,68128858,68193579,68258200,68322683,68387235,68451987,68516502,68581086,68645931,68710332,68775082,68839622,68904359,68968933,69033597,
69097946,69162606,69227251,69291978,69356539,69421151,69485817,69550534,69615285,69679992,69744332,69809199,69873546,69938283,70002675,70067425,70132026,70196526,70261358,70326032,
70390341,70455124,70519930,70584623,70649005,70713819,70778325,70843075,70907723,70972500,71037151,71101906,71166445,71231260,71295827,71360608,71425307,71489701,71554440,71619234,
71683932,71748696,71813488,71878047,71942242,72007066,72071585,72136192,72201033,72265734,72330193,72394807,72459335,72524165,72588912,72653600,72718510,72783140,72847780,72912440,
72977048,73041838,73106559,73171019,73235626,73300426,73365390,73429923,73494753,73559257,73623975,73688578,73753362,73818193,73882929,73947623,74012312,74076891,74141689,74206465,
74271137,74336071,74400741,74465404,74530015,74594627,74659605,74724313,74788736,74853734,74918383,74983288,75048117,75112666,75177525,75242125,75306913,75371545,75436393,75501075,
75565770,75630304,75695363,75760049,75824941,75889620,75954421,76019415,76084206,76148823,76213577,76278172,76343128,76408024,76472790,76537397,76601964,76666672,76731729,76796390,
76861365,76926358,76990944,77055804,77120551,77185140,77250222,77315017,77379636,77444603,77509180,77574121,77638924,77703607,77768130,77832994,77897743,77962432,78027365,78092417,
78157343,78221973,78286699,78351653,78416299,78481236,78545989,78610670,78675493,78740258,78805545,78870231,78934996,78999874,79064636,79129409,79194295,79259208,79323961,79388747,
79453548,79518553,79583351,79648230,79713287,79778125,79842868,79907801,79972583,80037484,80102408,80167394,80232087,80296760,80361684,80426492,80491582,80556314,80621413,80686245,
